7.007181786742505e-07
8.304631787685599e-07
7.353095249047265e-07
6.106582992746638e-07
5.089270348324456e-07
4.3186677939426083e-07
3.7646493943054965e-07
3.402130980307655e-07
3.421188195560988e-07
5.497334446976016e-07
7.225761539387028e-07
8.173179072097672e-07
8.77042805544633e-07
9.169990533513106e-07
9.452821832741454e-07
9.666036598959013e-07
9.80693377154026e-07
9.913757218780804e-07
9.99655515377216e-07
1.0045321106909604e-06
1.008744103235033e-06
1.0112689917370053e-06
1.0134595639109846e-06
1.0157573386326162e-06
1.016906311485969e-06
1.0181816286149115e-06
1.0182389022591765e-06
1.018262911899567e-06
1.0180317205721192e-06
1.0203757437761136e-06
1.0211975767798462e-06
2.3883044691930746e-08
2.7699279635083266e-08
2.4595098699061196e-08
2.0437517797245968e-08
1.703133694124948e-08
1.4450920658256257e-08
1.2587307753623859e-08
1.1357086847803259e-08
1.3647877867040754e-08
2.134657130421789e-08
2.567731802816593e-08
2.823996927446159e-08
2.989890331659804e-08
3.102193930489327e-08
3.181764396983564e-08
3.237347281379348e-08
3.278191948373092e-08
3.307018680197682e-08
3.3301483905131414e-08
3.3470894245898073e-08
3.3625351691336196e-08
3.3725228924746115e-08
3.377930962292879e-08
3.38244769149501e-08
3.3857220896586e-08
3.3872118836724945e-08
3.3897327577743376e-08
3.395147977728318e-08
3.394902285342297e-08
3.399415523531611e-08
3.3949582303690596e-08
3.3964741039296353e-08
3.402083845758037e-08
3.402593834027693e-08
3.4016584670199566e-08
3.4009647482691765e-08
3.401631471437194e-08
2.4150938905063134e-08
2.764165338439152e-08
2.4565285703091666e-08
2.0420008078522756e-08
1.7010506556385057e-08
1.442376217660133e-08
1.2559266613984396e-08
1.1342003798457488e-08
1.0626486814865033e-08
1.0251993266601545e-08
1.006735852131669e-08
9.97644894614854e-09
9.927569051851833e-09
9.90931039752359e-09
9.899127485062982e-09
9.90534665680777e-09
9.902463144326924e-09
9.900011232948744e-09
9.895981830787355e-09
9.900094806970906e-09
9.88963342169968e-09
9.899443698088537e-09
9.8973176356056e-09
9.891095380159158e-09
9.884256903488484e-09
9.881419282836569e-09
9.885171446382163e-09
9.883535198494333e-09
9.881350318457543e-09
9.889813072910134e-09
9.904314771547412e-09
9.901228150022937e-09
9.89610640968922e-09
9.895406278006133e-09
9.889009847521496e-09
9.886624891774578e-09
9.898775380328916e-09
9.907514864588837e-09
9.904540700334403e-09
9.897258773656636e-09
9.90647606024226e-09
9.908233979441872e-09
9.903604993922529e-09
9.893053724795125e-09
9.894693380654057e-09
9.899399951534715e-09
9.897178127360251e-09
9.895783976049131e-09
9.890705713830327e-09
9.889923754137204e-09
9.893381677092266e-09
9.893912816640953e-09
9.895618776733175e-09
9.896382480504557e-09
9.891388400974174e-09
9.882090180816439e-09
9.88708507876061e-09
9.884747540572505e-09
9.880336966520963e-09
9.891166094912097e-09
9.897913876376697e-09
9.895751650603705e-09
9.895120842372271e-09
9.889353003587421e-09
9.889114173677912e-09
9.8963711196648e-09
9.904727181995649e-09
9.899242137879098e-09
9.899792596573159e-09
9.89916108688243e-09
9.89235911362741e-09
9.882830808368726e-09
9.88070174107302e-09
9.886994979303864e-09
9.889270266069442e-09
9.881914559915279e-09
9.887173938355503e-09
9.888194354532605e-09
9.886377357868993e-09
9.887307465363944e-09
9.884957334374167e-09
9.884959532903239e-09
20.851750902965264
27.435157848057223
23.85501674640067
19.78099221274954
16.496006788542285
14.04702921219352
12.292355170186834
11.178508337589374
10.545124461968637
10.21988503716729
10.047887013713027
9.964603148783308
9.916833428468163
9.892828495911015
9.882834246366059
9.885617552630475
9.894645260601663
9.90095845515456
9.89542208216853
9.893732037595573
9.889101352825207
9.888941852852803
9.882378332145512
9.885788623963737
9.878294619317122
9.878569316639151
9.880953716292698
9.87820417259019
9.886660070451844
9.894073123101204
9.888191157245764
9.877915718217187
9.877187797591027
9.889371937568699
9.889165692130593
9.887444280766156
9.88751981192007
743.9380044322784
832.97562120809
743.7342084929791
617.8909089255391
513.9083100073491
434.81439614867384
378.25241425876095
340.82452537293506
319.27298765165216
307.6007789509869
301.9130530400661
299.2004729058952
298.1937195738908
297.17700390138725
296.8214782950333
296.71569051768967
296.5909454131889
296.32696972285305
296.23885697169203
350.86581015690973
639.035429357542
867.0253232519675
995.9333749653405
1078.5380671035393
1137.6986740440511
1177.9542747677922
1208.3742364655782
1230.5934994932088
1246.8531400928196
1259.050300121289
1268.2910182690896
1275.0969577351177
1279.6340369499192
1284.6628038911615
1287.3912489116394
1289.4950354204727
1291.3300902668573
1292.4506715521989
1293.3165723529207
1294.1694590062357
1295.37016739706
1294.7475488497566
1295.1747509136112
1294.9417017461697
1295.364479056718
1294.9767940805991
1294.8632567426896
1294.7535558744814
1294.6913649126625
1294.4518821492172
1294.2252961511033
1295.1618176901904
1294.998539090565
1294.8132715252777
1294.6143916162707
1294.49967777314
1294.5761178910748
1294.9011394344452
1294.8860319223677
1295.1102551103866
1295.1779716786803
1294.0665182369494
1295.6276268769157
1294.8567457036145
1294.881689206658
1294.8824157851207
1294.6716192747085
1294.5395055009253
1294.340095393124
1293.721769212128
1293.3573811582405
1292.8526460078178
1292.8099414119647
1292.7022369630492
1292.4199753691462
1292.6641764726517
1292.2809003424418
1291.940395640812
1290.5908681197332
1292.0978508458923
1292.2466775885634
1292.0581732137323
1292.0528144159812
1291.1843920804326
1291.677419701786
1285.0930974128585
1235.7809295555685
1152.689018108487
1073.0490824883088
1010.4776869230718
960.4555017844543
921.7109899303535
892.2518482320411
869.2823655078631
852.3709339647668
839.9770289801932
831.32049627251
825.2601321030754
821.0876323839589
818.219190715272
815.855758529409
814.0620558528302
812.868347566053
812.2024736514343
811.6708967797308
811.4944378507665
811.0000017679799
810.6690445139019
810.1875619854248
810.3265246385397
809.9339172487114
810.2730282221255
809.7440496228429
810.1341276694856
810.0595090776917
809.5102603779499
809.3945890352934
809.5315409355168
809.4060363203475
809.4115766430702
809.3478074649191
809.2084119393891
809.4188182671421
809.0598980456698
809.1045078084451
809.3025268154097
809.4846255853256
809.6963862837337
810.0464356689108
810.2045566384986
810.164848859737
809.9006903822958
810.0768592823318
810.0561209310748
810.0910383549266
809.8892750158991
810.2711023690542
809.9218712106625
810.546007620786
810.1008449986392
811.0230051163062
810.3904744131997
810.4418823332885
810.3663139367203
810.6764970523722
810.7261140345626
810.8558878236665
810.9968227955937
810.6934990793668
810.544273184545
810.7210048348536
811.2014174479295
811.2374098691913
811.1264025561774
810.8586120217445
810.9265168746092
810.8276891753028
810.664700548958
811.0766181553722
811.0644350437811
810.9775105258459
811.028137856173
810.8787887520797
810.6958212773068
810.5940470086673
810.4679281158714
810.2663402989473
810.2887942999167
810.1393541766743
809.6910365558582
809.8452498296066
809.706659795172
809.8655357574746
809.9621084336396
810.456906184121
810.4264189892592
